67 0.358758064516129 0.5664812575574365 0.06690322580645161 0.058476420798065296
53 0.4369354838709677 0.5732285368802902 0.06353225806451614 0.050713422007255135
58 0.5287258064516129 0.5789117291414752 0.08009677419354838 0.05753325272067714
55 0.7759193548387097 0.592708585247884 0.06762903225806452 0.05478839177750907
45 0.611758064516129 0.5861910519951632 0.06446774193548387 0.05251511487303507
50 0.6908064516129032 0.589540507859734 0.07593548387096774 0.054425634824667474
28 0.36043548387096774 0.5054050785973399 0.08140322580645161 0.06301088270858525
28 0.3636935483870968 0.6286819830713422 0.07996774193548387 0.05742442563482467
28 0.3609032258064516 0.6896372430471585 0.07661290322580645 0.057920193470374845
8 0.5995806451612903 0.7054050785973398 0.0671774193548387 0.05314389359129384
8 0.6098548387096775 0.6423700120918985 0.06701612903225806 0.05492140266021766
19 0.5243548387096775 0.5108464328899638 0.06337096774193549 0.06073760580411124
19 0.5328709677419354 0.6366868198307134 0.06925806451612902 0.05671100362756953
19 0.677741935483871 0.7105441354292624 0.07529032258064516 0.05147521160822249
13 0.7034032258064516 0.5225634824667473 0.10046774193548387 0.06026602176541718
13 0.6928064516129032 0.6482829504232165 0.09106451612903226 0.05360338573155985
13 0.7643709677419355 0.7118621523579203 0.07543548387096775 0.04597339782345829
17 0.7913064516129032 0.5238694074969771 0.07129032258064516 0.05571946795646916
17 0.7801451612903226 0.6492382103990326 0.06427419354838709 0.055513905683192255
16 0.4398064516129032 0.5067835550181379 0.05780645161290323 0.05070133010882708
16 0.4502419354838709 0.6292744860943168 0.06496774193548387 0.05145102781136638
16 0.5233064516129032 0.7011608222490932 0.07564516129032257 0.0530229746070133
17 0.4414677419354838 0.6896372430471585 0.06975806451612904 0.05505441354292624