28 0.37083664021164026 0.6414583333333334 0.06778439153439153 0.04958085317460317
16 0.43493386243386245 0.6420709325396825 0.06003306878306878 0.051450892857142855
19 0.49713624338624335 0.6413616071428571 0.0657010582010582 0.051321924603174605
13 0.5606316137566137 0.6425545634920635 0.06534391534391534 0.042738095238095235
17 0.6258895502645503 0.6429414682539683 0.06421626984126984 0.04351438492063492
67 0.3642559523809524 0.6955456349206349 0.04860119047619048 0.04933779761904762
53 0.4293419312169312 0.697576884920635 0.06089285714285714 0.04888640873015873
49 0.49528769841269843 0.6967063492063492 0.06458002645502645 0.043916170634920634
55 0.5585251322751322 0.6974801587301587 0.058548280423280426 0.04804811507936508
58 0.6227480158730159 0.6974156746031747 0.067744708994709 0.04662698412698413
16 0.42399470899470904 0.7485763888888889 0.07171626984126984 0.049791666666666665
19 0.4938525132275133 0.7527281746031746 0.066385582010582 0.05054811507936508
13 0.5534358465608465 0.7539732142857143 0.05995370370370371 0.04926339285714285
17 0.6175496031746032 0.7517088293650793 0.07465939153439154 0.05077380952380953