10 0.44889999999999997 0.34554375 0.0691888888888889 0.0398375
16 0.5323444444444445 0.35271875 0.07535555555555555 0.0463625
19 0.6146222222222222 0.3580625 0.08383333333333334 0.047493749999999994
13 0.6933555555555555 0.36201875 0.07594444444444444 0.0354125
17 0.7687666666666666 0.36101875 0.07222222222222222 0.042975000000000006
17 0.7581 0.45965625000000004 0.08488888888888889 0.04813125
13 0.6720333333333334 0.45556874999999997 0.07656666666666666 0.034743750000000004
19 0.5897444444444444 0.45109375 0.08044444444444446 0.049262499999999994
16 0.5086999999999999 0.43918125 0.06824444444444444 0.0445625
10 0.4234777777777778 0.4286625 0.06934444444444444 0.03916875
44 0.41335555555555553 0.474475 0.08464444444444445 0.0421375
53 0.49650000000000005 0.48716875000000004 0.06546666666666667 0.03970625
55 0.6606 0.50581875 0.07224444444444444 0.04832499999999999
58 0.7440444444444444 0.51164375 0.08458888888888888 0.0478