63 0.6637863756613757 0.7424330357142856 0.05240410052910053 0.043226686507936506
30 0.463587962962963 0.7974627976190476 0.05956679894179894 0.053943452380952384
16 0.518095238095238 0.7934002976190475 0.05140873015873016 0.042956349206349206
25 0.5655357142857143 0.7913467261904762 0.04312169312169312 0.03789186507936508
25 0.5666798941798942 0.8426984126984127 0.04286706349206349 0.04220486111111111
13 0.6171130952380953 0.7902008928571429 0.05203042328042328 0.04324156746031746
13 0.6181944444444445 0.8425074404761904 0.058015873015873014 0.038003472222222216
17 0.6751223544973545 0.8418377976190476 0.05724206349206349 0.042395833333333334
17 0.6704728835978836 0.78953125 0.05431216931216932 0.03999255952380952
16 0.5204497354497354 0.8451339285714285 0.054847883597883604 0.03656994047619047
30 0.46161375661375664 0.8492435515873016 0.059441137566137565 0.05052083333333333