13 0.29055000000000003 0.451325 0.1667833333333333 0.18892499999999998
10 0.4946416666666667 0.45011249999999997 0.2054 0.20356249999999998
1 0.7044916666666666 0.4228125 0.17231666666666667 0.2281375
35 0.09135 0.16735 0.10991666666666668 0.108875
18 0.668525 0.17715 0.10871666666666667 0.09928750000000001
14 0.7979583333333333 0.17485 0.10091666666666667 0.10721249999999999
12 0.9189166666666667 0.1734 0.09005833333333332 0.10012499999999999
0 0.08176666666666667 0.79745 0.09353333333333333 0.1190625
16 0.22911666666666666 0.8070375 0.09656666666666666 0.12990000000000002
22 0.3756333333333333 0.806825 0.092375 0.13365
17 0.5168666666666667 0.7978749999999999 0.10540833333333333 0.1449
3 0.7890666666666667 0.7951625 0.08314166666666667 0.1269875
5 0.9225333333333333 0.7939125 0.091725 0.1328125