27 0.31871 0.26728703703703705 0.12462000000000001 0.08938888888888889
16 0.4395 0.26099074074074075 0.091 0.09901851851851852
13 0.5649 0.2645 0.115 0.09767592592592592
26 0.45517 0.8079722222222222 0.06091 0.04694444444444445
18 0.29574 0.8102592592592593 0.056 0.04968518518518518
12 0.2142 0.8069722222222222 0.05167 0.05041666666666667
14 0.13424 0.8081574074074074 0.05681 0.05096296296296296
23 0.61756 0.8780092592592592 0.05989 0.059027777777777776
24 0.70078 0.8780092592592592 0.054549999999999994 0.059027777777777776
25 0.78074 0.8795648148148147 0.06046 0.06030555555555555
19 0.8640599999999999 0.8825740740740741 0.06913 0.05720370370370371
29 0.9454 0.8071481481481482 0.06595999999999999 0.054435185185185184
10 0.86495 0.8021203703703703 0.06104 0.05717592592592593
20 0.7854800000000001 0.8073333333333333 0.06204 0.05114814814814815
0 0.9449099999999999 0.8819351851851852 0.06695000000000001 0.061407407407407404
31 0.05162 0.8781851851851853 0.05907 0.04665740740740741
33 0.13681000000000001 0.877 0.058 0.04787962962962963
5 0.45685000000000003 0.8763611111111111 0.05439 0.05939814814814815
3 0.29869999999999997 0.8774629629629629 0.05797 0.06159259259259259