44 0.3272647058823529 0.5441059602649007 0.06447058823529413 0.04492273730684327
53 0.4096176470588236 0.5405960264900662 0.06588235294117646 0.04622516556291391
52 0.48476470588235293 0.5363796909492273 0.07029411764705881 0.048013245033112585
42 0.5598235294117647 0.5316114790286975 0.0698235294117647 0.04611479028697572
58 0.6355 0.5282781456953642 0.07058823529411765 0.04611479028697572
10 0.3328823529411765 0.6171743929359823 0.07097058823529412 0.0454083885209713
10 0.34708823529411764 0.7085209713024282 0.06920588235294119 0.0541280353200883
16 0.4189705882352941 0.6130022075055187 0.07505882352941176 0.044216335540838855
16 0.43023529411764705 0.7093377483443708 0.07791176470588235 0.04770419426048565
8 0.5687058823529412 0.6068211920529801 0.06220588235294117 0.04613686534216335
13 0.5868529411764706 0.69719646799117 0.08423529411764706 0.04247240618101545
8 0.5065588235294117 0.7029139072847682 0.06476470588235295 0.04437086092715232
17 0.6646764705882353 0.6938852097130243 0.0693235294117647 0.04532008830022075
19 0.647235294117647 0.6027152317880794 0.06870588235294117 0.043863134657836644
13 0.4998235294117647 0.6109933774834436 0.06555882352941177 0.042560706401766006