28 0.3564 0.8154794520547944 0.039615384615384615 0.06857534246575343
28 0.3553230769230769 0.8925479452054794 0.04263076923076923 0.07301369863013699
16 0.3984615384615385 0.8146301369863013 0.03409230769230769 0.06106849315068493
16 0.40106153846153847 0.8942739726027398 0.03927692307692308 0.0664931506849315
19 0.4431846153846154 0.8162465753424658 0.0328 0.07010958904109589
19 0.4431846153846154 0.8887945205479453 0.03710769230769231 0.06512328767123288
8 0.4868769230769231 0.8136438356164384 0.032676923076923076 0.07068493150684932
8 0.4873692307692308 0.8886849315068494 0.032569230769230774 0.06687671232876713
13 0.5297076923076923 0.8126849315068493 0.0438 0.06493150684931506
13 0.5313230769230769 0.8865753424657535 0.040553846153846156 0.07416438356164384
17 0.5714461538461538 0.8104931506849314 0.03547692307692307 0.058575342465753424
17 0.5728 0.8820547945205479 0.03709230769230769 0.07090410958904109