28 0.176175 0.456 0.0513 0.046900000000000004
10 0.232575 0.44103749999999997 0.04511250000000001 0.049487500000000004
16 0.294825 0.41771250000000004 0.055837500000000005 0.046725
17 0.3583 0.3942125 0.056312499999999995 0.053375000000000006
18 0.22818750000000002 0.49265000000000003 0.057800000000000004 0.0438125
24 0.3445625 0.4533875 0.049975 0.055999999999999994
28 0.648125 0.37884999999999996 0.054037499999999995 0.0522375
10 0.7057375 0.39372500000000005 0.0441125 0.045899999999999996
16 0.7684000000000001 0.4034875 0.0579125 0.051100000000000007
17 0.83935 0.4119375 0.051237500000000005 0.0498125
24 0.8011499999999999 0.459325 0.056125 0.0551875
18 0.6807125 0.4365625 0.0525625 0.048674999999999996