25 0.8577810650887574 0.32084444444444443 0.123698224852071 0.09322222222222223
16 0.7032248520710059 0.3199777777777778 0.11239644970414202 0.08584444444444445
22 0.5467751479289941 0.31926666666666664 0.09881656804733728 0.07135555555555556
0 0.3922189349112426 0.32126666666666664 0.09958579881656804 0.0742
20 0.24008875739644972 0.3164222222222222 0.11662721893491125 0.08157777777777778
10 0.08346153846153846 0.32082222222222223 0.12458579881656805 0.08186666666666667
29 0.08156804733727811 0.1912222222222222 0.11325443786982249 0.07528888888888889
30 0.23310650887573967 0.18739999999999998 0.12153846153846154 0.08751111111111112
30 0.39144970414201186 0.19137777777777779 0.11319526627218934 0.08411111111111111
27 0.5471597633136095 0.19548888888888888 0.12224852071005918 0.07813333333333333
28 0.7043491124260355 0.18782222222222222 0.13431952662721894 0.10255555555555555
28 0.8579881656804734 0.1890888888888889 0.13541420118343195 0.09091111111111111
32 0.8600591715976331 0.06531111111111111 0.12218934911242603 0.09315555555555556
31 0.6998224852071006 0.06488888888888888 0.12523668639053254 0.06675555555555555
33 0.5486686390532544 0.06304444444444444 0.12828402366863906 0.08406666666666666
33 0.38822485207100593 0.06246666666666666 0.1256508875739645 0.07611111111111112
34 0.2384023668639053 0.06191111111111111 0.13210059171597632 0.07497777777777778
35 0.08384615384615385 0.06133333333333334 0.12079881656804733 0.08064444444444445
24 0.08269230769230769 0.4456222222222222 0.10795857988165682 0.08446666666666666
19 0.2351775147928994 0.44802222222222227 0.12946745562130177 0.0978
8 0.39127218934911245 0.45086666666666664 0.11659763313609467 0.09213333333333333
9 0.5403550295857987 0.44575555555555557 0.12375739644970414 0.09326666666666666
8 0.701508875739645 0.44802222222222227 0.1097337278106509 0.08644444444444443
9 0.8604437869822484 0.4467555555555555 0.12142011834319526 0.08673333333333333
8 0.08686390532544379 0.5777777777777777 0.12381656804733729 0.09046666666666667
9 0.23573964497041422 0.5732444444444444 0.1192603550295858 0.09273333333333332
8 0.39352071005917155 0.5763555555555556 0.12414201183431953 0.08193333333333333
9 0.5478994082840236 0.5769333333333333 0.10863905325443787 0.08306666666666668
12 0.7036094674556213 0.5782 0.11766272189349114 0.0828
14 0.8558875739644971 0.5729555555555556 0.12748520710059172 0.08648888888888889
6 0.8626923076923076 0.7052444444444445 0.11085798816568047 0.08993333333333334
5 0.7030473372781065 0.7065333333333333 0.11275147928994082 0.07828888888888888
21 0.7026627218934911 0.8341555555555555 0.11955621301775148 0.0752
17 0.08742603550295858 0.8340000000000001 0.1136094674556213 0.07775555555555556
13 0.08044378698224852 0.7069555555555556 0.11855029585798817 0.09333333333333334
18 0.24254437869822487 0.7007111111111111 0.1056508875739645 0.0922
3 0.3956213017751479 0.7 0.09884615384615383 0.08226666666666667
4 0.5503550295857988 0.7065333333333333 0.10674556213017751 0.09873333333333334