29 0.13205729166666666 0.41208333333333336 0.07984895833333333 0.067234375
30 0.22217708333333333 0.4169427083333333 0.08046875 0.07272916666666666
30 0.3115572916666667 0.4176822916666667 0.07749479166666666 0.07632291666666666
20 0.39829166666666665 0.413984375 0.07980208333333333 0.0668125
10 0.750421875 0.40595312499999997 0.08038020833333334 0.07610937499999999
2 0.171359375 0.5305416666666667 0.06547395833333333 0.06536979166666666
17 0.26221875 0.530015625 0.07813541666666667 0.066421875
3 0.437171875 0.5306510416666667 0.06458333333333334 0.06346354166666666
5 0.5259166666666667 0.5304375 0.07302083333333333 0.06727083333333334
0 0.6038854166666667 0.5292760416666666 0.07258333333333335 0.07128645833333333
16 0.6841822916666668 0.526421875 0.08102604166666666 0.06346354166666666
1 0.7607760416666667 0.528640625 0.0715 0.06579166666666666
22 0.8325104166666667 0.5271614583333333 0.073390625 0.06705729166666667
23 0.39047395833333337 0.650484375 0.06839583333333334 0.0706875
19 0.49781770833333333 0.6515416666666667 0.06330729166666667 0.06857291666666666
24 0.6034635416666667 0.6494270833333334 0.06328645833333334 0.06434895833333333
8 0.6579791666666667 0.7690520833333333 0.06243229166666667 0.066921875
7 0.7678541666666666 0.768203125 0.07086979166666667 0.06522916666666666
15 0.175796875 0.6501666666666667 0.06166666666666667 0.06794270833333332
18 0.34427604166666664 0.8951666666666667 0.09586458333333334 0.06780729166666667
12 0.45138541666666665 0.8946458333333334 0.08590104166666666 0.06528125
14 0.5581979166666666 0.89234375 0.07534375 0.05325520833333333
13 0.6644166666666667 0.8924166666666667 0.08141145833333334 0.057859375000000005
11 0.23671875 0.893234375 0.07821875 0.05503645833333334