66 0.09529569892473119 0.08253484320557491 0.1072983870967742 0.09229094076655052
65 0.21929435483870968 0.08213414634146342 0.10458333333333333 0.0887979094076655
64 0.3338709677419355 0.08246951219512196 0.10580645161290322 0.08812717770034843
68 0.46015456989247316 0.08253484320557491 0.10350806451612904 0.0869163763066202
67 0.5832190860215054 0.08139372822299651 0.10928763440860215 0.09135017421602788
44 0.7242069892473117 0.0819294425087108 0.12397177419354839 0.09242160278745644
59 0.880739247311828 0.08300522648083625 0.1573051075268817 0.09457317073170732
37 0.09498655913978495 0.22698170731707315 0.1294690860215054 0.07635017421602788
61 0.2221975806451613 0.2254355400696864 0.11866935483870969 0.0719163763066202
38 0.3449529569892473 0.2261062717770035 0.12176075268817205 0.07057491289198606
54 0.46926747311827954 0.2285235191637631 0.12174059139784947 0.07540940766550522
57 0.5951344086021505 0.2281881533101045 0.11860887096774195 0.0760801393728223
53 0.719858870967742 0.22691202090592336 0.12770161290322582 0.07218641114982578
45 0.08783602150537634 0.36194686411149823 0.1421034946236559 0.09248257839721255
46 0.22043682795698924 0.36328832752613244 0.12551075268817205 0.0951698606271777
41 0.34536962365591395 0.36194686411149823 0.12258736559139785 0.09248257839721255
42 0.472997311827957 0.36248257839721254 0.1291935483870968 0.09355836236933798
63 0.07737231182795698 0.5115243902439025 0.13153897849462365 0.10023954703832753
58 0.21909274193548386 0.5077613240418118 0.11659946236559139 0.08197299651567945
43 0.36629704301075267 0.5087674216027875 0.14371639784946236 0.05310104529616725
60 0.5285215053763441 0.5082317073170732 0.14078629032258067 0.06277003484320558
47 0.08545698924731182 0.6341419860627178 0.11869623655913979 0.06347996515679442
48 0.22271505376344083 0.644551393728223 0.11763440860215053 0.07489982578397213
51 0.3691935483870968 0.6397168989547038 0.11637096774193548 0.06522648083623693
52 0.5256182795698925 0.6427395470383276 0.1267002688172043 0.07530052264808362
49 0.6830846774193549 0.635418118466899 0.11838709677419354 0.06737369337979093
50 0.8413709677419355 0.6389764808362369 0.12002016129032259 0.07314895470383274
56 0.087627688172043 0.7591419860627178 0.12926075268817205 0.07848432055749129
39 0.09871639784946236 0.903523519163763 0.1369220430107527 0.09061411149825785
40 0.26166666666666666 0.9051350174216028 0.13752016129032257 0.08846689895470383
62 0.4545564516129032 0.9090984320557491 0.13790322580645162 0.09773519163763067
55 0.647755376344086 0.9124956445993032 0.1492674731182796 0.09781794425087108