26 0.09487231182795698 0.06917682926829269 0.13415994623655914 0.08873693379790941
27 0.2505913978494624 0.06874999999999999 0.13098790322580645 0.08958623693379791
28 0.40683467741935486 0.07300087108013938 0.12886424731182797 0.09468641114982579
28 0.564260752688172 0.07393728222996515 0.13696236559139785 0.09825783972125435
29 0.717883064516129 0.06917682926829269 0.1295967741935484 0.08873693379790941
30 0.8728225806451613 0.07002613240418118 0.13009408602150538 0.09383710801393727
30 0.09631048387096774 0.1845644599303136 0.12918010752688172 0.0986280487804878
31 0.2505913978494624 0.17878919860627177 0.13098790322580645 0.08707317073170731
32 0.407883064516129 0.18329268292682926 0.13096102150537633 0.09438153310104529
33 0.5616397849462366 0.17861933797909407 0.13172043010752688 0.09013066202090592
33 0.7168346774193549 0.1806576655052265 0.1275 0.0942116724738676
34 0.8739986559139785 0.17980836236933798 0.12983198924731182 0.08911149825783972
35 0.09565860215053763 0.30233449477351915 0.13049059139784946 0.09288763066202091
36 0.2505913978494624 0.30429006968641115 0.13098790322580645 0.09849738675958189
10 0.4060483870967742 0.29247822299651566 0.13253360215053764 0.1071602787456446
20 0.5617741935483871 0.3002961672473868 0.12936155913978495 0.0956054006968641
0 0.09487231182795698 0.4319817073170732 0.14464381720430106 0.09901132404181186
16 0.25438844086021506 0.4335104529616725 0.1464516129032258 0.09867160278745644
22 0.41037634408602147 0.4322343205574913 0.14904569892473118 0.09442508710801394
1 0.5625537634408603 0.4267116724738676 0.14666666666666667 0.09867160278745644
16 0.7257459677419356 0.43200348432055746 0.1480981182795699 0.10193815331010453
15 0.09709005376344086 0.5626175958188153 0.12568548387096776 0.08053135888501742
7 0.2523655913978495 0.563301393728223 0.11721774193548386 0.08037891986062719
23 0.4064650537634409 0.5624651567944251 0.12047043010752688 0.08327090592334495
24 0.5635013440860215 0.5637587108013937 0.11786962365591397 0.07825348432055748
25 0.7186559139784946 0.5623127177700348 0.12089381720430106 0.0799259581881533
19 0.8861290322580645 0.5638327526132404 0.14619623655913977 0.08904616724738676
8 0.09521505376344086 0.6850609756097561 0.12193548387096774 0.08066202090592334
8 0.25118951612903223 0.6846820557491289 0.11956317204301076 0.08142421602787456
8 0.40846102150537633 0.6841506968641115 0.12211693548387097 0.07883710801393728
8 0.5629166666666666 0.684072299651568 0.11903897849462365 0.08020905923344948
9 0.7191263440860215 0.6850609756097561 0.12182795698924731 0.08066202090592334
9 0.874872311827957 0.6826306620209059 0.12368279569892472 0.08188153310104529
9 0.0961491935483871 0.804037456445993 0.12381048387096774 0.0799390243902439
9 0.2472043010752688 0.8052526132404181 0.12565860215053762 0.08237369337979093