11 0.10327956989247312 0.08188153310104529 0.1663709677419355 0.10050958188153311
13 0.30078629032258064 0.08188153310104529 0.15593413978494625 0.10050958188153311
14 0.5009879032258064 0.08141550522648083 0.15446236559139787 0.09957752613240418
12 0.7002889784946237 0.07885452961672475 0.1547916666666667 0.09911149825783973
18 0.9029973118279571 0.08827526132404181 0.15116935483870966 0.11562717770034844
2 0.09933467741935484 0.21991289198606273 0.15130376344086022 0.09985627177700349
3 0.2991733870967742 0.22095818815331011 0.15629032258064515 0.09962108013937282
4 0.49883064516129033 0.22898519163763068 0.15016129032258063 0.11334494773519165
5 0.8979771505376345 0.21863240418118468 0.15547715053763442 0.10427264808362369
5 0.09915322580645161 0.36503919860627176 0.15452956989247313 0.11106271777003485
6 0.29665994623655917 0.37166811846689896 0.1584475806451613 0.12199477351916377
21 0.7090793010752687 0.5189590592334494 0.18313172043010753 0.116602787456446
17 0.10291666666666666 0.6687369337979094 0.17282930107526884 0.10920731707317073